0 0 0
-10.9852 4.82379e-22 -1.69585
-3.06474 7.58156e-07 -0.968734
-6.41232 3.9793e-07 -1.00147
-4.84853 1.03137e-06 -0.998769
-5.68087 -1.36047e-06 -1.03563
-5.44493 -4.69984e-07 -1.05374
-5.72018 1.52698e-06 -1.08184
-5.76751 3.70347e-06 -1.10612
-5.92868 5.22094e-07 -1.13266
-6.04324 -1.30562e-06 -1.15833
-6.18621 -2.07041e-06 -1.1845
-6.32198 -1.93818e-06 -1.21049
-6.46682 1.43704e-06 -1.23663
-6.61284 -7.97272e-07 -1.26265
-6.76334 -4.39855e-06 -1.2885
-6.91619 -1.49238e-06 -1.31409
-7.07193 -5.15117e-06 -1.33934
-7.22974 5.42981e-06 -1.36411
-7.38936 -4.30007e-06 -1.3882
-7.55033 5.47363e-06 -1.41131
-7.71206 -1.2924e-06 -1.43312
-7.87428 6.31494e-06 -1.45336
-8.03629 -6.52138e-06 -1.4721
-8.19773 -1.80765e-06 -1.48966
-8.358 1.03723e-05 -1.50672
-8.51662 -3.52038e-06 -1.52359
-8.67309 -6.27946e-06 -1.54032
-8.82709 -2.13224e-05 -1.55629
-8.97801 3.25118e-05 -1.57061
-9.12557 2.09513e-06 -1.5828
-9.26934 5.77323e-06 -1.59299
-9.409 -4.73723e-06 -1.6021
-9.54424 -1.94754e-05 -1.61104
-9.67488 7.90502e-07 -1.62061
-9.80064 3.44837e-05 -1.63116
-9.92128 -1.6214e-05 -1.64154
-10.0368 1.42078e-06 -1.64902
-10.147 1.70162e-06 -1.65076
-10.2518 -1.4872e-07 -1.64616
-10.351 1.60158e-05 -1.63742
-10.4448 -1.3884e-05 -1.62745
-10.5331 -1.91099e-05 -1.6185
-10.6158 9.46148e-06 -1.61192
-10.6931 -4.4235e-07 -1.60827
-10.7649 -1.46566e-05 -1.60757
-10.8315 3.89848e-07 -1.6096
-10.8928 8.32448e-07 -1.614
-10.9491 -1.17129e-05 -1.62047
-11.0006 1.09001e-05 -1.62889
-11.0472 5.24946e-06 -1.6391
-11.0896 1.2355e-05 -1.65095
-11.1277 2.54286e-07 -1.66442
-11.1618 -1.0658e-05 -1.67944
-11.1923 -1.60491e-05 -1.69591
-11.2194 -8.60206e-06 -1.71387
-11.2433 -1.96362e-06 -1.73323
-11.2645 6.70444e-06 -1.75394
-11.2833 1.06576e-05 -1.776
-11.2999 -3.12458e-06 -1.79948
-11.3147 -6.8791e-06 -1.82435
-11.328 2.87129e-06 -1.85066
-11.3401 9.11916e-06 -1.87844
-11.3513 -4.47274e-06 -1.9078
-11.3619 6.92658e-06 -1.93877
-11.3723 -3.94138e-06 -1.97147
-11.3825 -7.21551e-06 -2.00591
-11.3931 7.51049e-07 -2.04226
-11.3497 2.20241e-05 -2.07948
-11.384 -5.82859e-06 -2.12219
-11.3852 -1.02571e-05 -2.16104
-11.4092 -2.13006e-05 -2.20588
-11.4231 -3.67101e-05 -2.25172
-11.4447 1.19346e-06 -2.30132
-11.4641 1.9928e-05 -2.35306
-11.4869 1.28501e-05 -2.408
-11.51 1.27986e-05 -2.46545
-11.5352 1.24846e-06 -2.52505
-11.5614 -4.301e-06 -2.58534
-11.5893 8.57065e-06 -2.64539
-11.592 2.21307e-06 -2.70456
-11.6345 -1.49324e-05 -2.76589
-11.6609 -2.46118e-06 -2.82463
-11.6992 1.73133e-05 -2.89308
-11.7324 -2.48416e-06 -2.98032
-11.7691 1.93545e-05 -3.06774
-11.8038 1.04322e-05 -3.11412
-11.8391 -6.47892e-06 -3.12597
-11.8729 -7.14839e-06 -3.11265
-11.9061 -1.88314e-06 -3.0667
-11.9376 -9.45035e-06 -2.9479
-11.9674 -1.20015e-05 -2.79994
-11.9948 -8.35997e-06 -2.68503
-12.0058 5.30105e-06 -2.59473
-12.0347 5.06555e-06 -2.53488
-12.0509 1.51902e-05 -2.5013
-12.07 5.28451e-06 -2.4844
-12.0824 -9.46799e-06 -2.47492
-12.0934 -2.62028e-07 -2.46946
-12.0998 5.23584e-06 -2.46571
-12.1035 -1.26021e-06 -2.46295
-12.0957 -3.29086e-06 -2.45929
-12.0965 -3.95491e-06 -2.45651
-12.0882 1.48631e-06 -2.45368
-12.0798 1.68846e-06 -2.45138
-12.066 -4.39108e-06 -2.44884
-12.0574 -3.83177e-06 -2.44756
-12.0328 -1.24455e-06 -2.44513
-12.0108 -3.00894e-07 -2.44262
-11.9818 4.20906e-06 -2.43936
-11.9517 4.14964e-06 -2.43602
-11.9175 1.94976e-07 -2.43234
-11.8808 6.80026e-06 -2.42847
-11.8411 -8.8491e-07 -2.42434
-11.8122 -2.90805e-06 -2.42204
-11.7602 3.31324e-06 -2.41789
-11.7151 -2.33464e-06 -2.41366
-11.6619 1.27452e-06 -2.40848
-11.6098 -5.22623e-06 -2.40326
-11.5538 -1.15554e-07 -2.39768
-11.497 -1.39373e-06 -2.39198
-11.4379 3.49875e-06 -2.38606
-11.3777 2.28158e-06 -2.38001
-11.3158 -1.944e-06 -2.37381
-11.2779 2.61107e-06 -2.37021
-11.2022 -2.92747e-06 -2.36473
-11.142 -4.71014e-06 -2.35917
-11.0709 2.44901e-06 -2.35191
-11.0046 2.46759e-06 -2.34457
-10.935 -2.38303e-07 -2.33656
-10.8668 -1.86279e-06 -2.32842
-10.7976 -2.87434e-06 -2.31999
-10.729 3.34585e-06 -2.31154
-10.6604 -2.79648e-06 -2.30311
-10.5921 -3.62145e-08 -2.29477
-10.5243 -2.05523e-06 -2.28656
-10.457 3.51081e-06 -2.27849
-10.3905 -2.82694e-06 -2.27051
-10.3248 -2.76147e-06 -2.26261
-10.26 1.26887e-06 -2.25476
-10.1962 -4.13691e-07 -2.24694
-10.1335 -1.24917e-06 -2.2391
-10.0722 1.23516e-06 -2.23125
-10.0121 -1.87885e-06 -2.22333
-9.95361 -1.64504e-06 -2.21535
-9.89646 -5.08614e-07 -2.20726
-9.84098 -3.61946e-07 -2.19909
-9.78712 4.36618e-06 -2.19082
-9.73501 -9.62193e-07 -2.18254
-9.68468 -3.34178e-06 -2.1743
-9.63614 -1.11434e-06 -2.16611
-9.58944 -2.44526e-06 -2.15802
-9.54469 -1.7214e-06 -2.1501
-9.50182 -1.55731e-06 -2.14236
-9.46095 2.11591e-07 -2.13483
-9.42196 3.03365e-07 -2.12751
-9.38503 3.8677e-07 -2.12043
-9.35001 1.07706e-06 -2.11351
-9.31698 2.78216e-06 -2.1068
-9.2859 1.57042e-06 -2.10027
-9.25687 -7.642e-07 -2.09388
-9.2296 3.44331e-06 -2.08762
-9.20445 -1.41008e-06 -2.0815
-9.18101 -2.30585e-06 -2.07543
-9.1596 1.97397e-06 -2.06945
-9.13993 4.09726e-07 -2.06353
-9.12208 -2.24429e-06 -2.05763
-9.106 7.61248e-07 -2.05177
-9.07152 2.35798e-06 -2.0441
-9.06711 4.25841e-06 -2.03612
-9.0526 -1.77392e-06 -2.02855
-9.04662 6.28461e-07 -2.02217
-9.03859 3.18447e-06 -2.01576
-9.03385 -7.64571e-07 -2.00964
-9.0295 -1.8581e-06 -2.00355
-9.02699 3.48351e-06 -1.9976
-9.0255 2.11805e-06 -1.99169
-9.02547 7.72565e-07 -1.98589
-9.02651 4.14267e-07 -1.98015
-9.02881 3.44467e-06 -1.97451
-9.03225 8.27724e-07 -1.96897
-9.03681 6.7657e-07 -1.96352
-9.04253 1.71481e-06 -1.95818
-9.04918 8.99299e-07 -1.95294
-9.05694 -3.09999e-06 -1.94786
-9.06554 -2.65899e-06 -1.94289
-9.07515 -9.78026e-07 -1.93807
-9.08564 -1.72756e-08 -1.9334
-9.08636 -3.93521e-07 -1.9264
-9.10311 5.7696e-07 -1.92122
-9.11443 -5.49519e-07 -1.91663
-9.13017 -1.25701e-06 -1.91255
-9.14455 -1.34893e-06 -1.90847
-9.16059 -8.15529e-07 -1.90453
-9.17659 -2.2804e-07 -1.90061
-9.19343 -8.24922e-07 -1.89676
-9.2105 -5.80382e-08 -1.89295
-9.22823 -9.23885e-07 -1.88921
-9.24621 -1.30363e-06 -1.88555
-9.26464 -7.57506e-07 -1.882
-9.28349 2.14912e-06 -1.87857
-9.29662 -4.69912e-07 -1.87363
-9.31897 -5.65799e-07 -1.87051
-9.33791 -9.98723e-07 -1.86773
-9.35931 -2.68024e-07 -1.86527
-9.37959 2.19145e-07 -1.86295
-9.40074 -3.68329e-07 -1.86086
-9.4216 -1.49304e-06 -1.85896
-9.44268 -5.14954e-07 -1.85728
-9.46381 -1.79945e-06 -1.8558
-9.48496 1.05272e-06 -1.85454
-9.50606 1.26086e-06 -1.85348
-9.5236 -4.8721e-07 -1.85175
-9.54668 -1.45648e-06 -1.85102
-9.56728 -2.25619e-06 -1.85048
-9.58928 3.90721e-07 -1.85016
-9.61036 -1.16087e-06 -1.84993
-9.63166 -1.44597e-06 -1.84984
-9.65267 -1.24264e-06 -1.84984
-9.67355 -1.63045e-06 -1.84993
-9.69421 1.25036e-06 -1.8501
-9.71462 -1.64749e-07 -1.85033
-9.73485 -4.21272e-07 -1.85062
-9.75482 3.86052e-07 -1.85097
-9.77452 -2.83843e-06 -1.85135
-9.79396 -8.65161e-07 -1.85177
-9.81315 -9.73823e-07 -1.85223
-9.83205 -8.2518e-07 -1.85273
-9.85446 -2.89012e-07 -1.8552
-9.87071 -1.08269e-06 -1.8558
-9.8891 -1.20241e-06 -1.85635
-9.90583 -1.21258e-07 -1.85688
-9.92291 1.83069e-07 -1.85748
-9.93939 7.16802e-07 -1.85811
-9.95571 1.57711e-08 -1.85879
-9.97161 -5.5884e-07 -1.85952
-9.98722 -8.45672e-07 -1.86029
-10.0025 2.01118e-07 -1.86111
-10.0174 -9.15391e-07 -1.86198
-10.0319 -4.64852e-07 -1.86289
-10.046 2.62201e-07 -1.86385
-10.0598 -3.13088e-06 -1.86485
-10.0731 -5.89625e-07 -1.86589
-10.086 -1.2713e-07 -1.86698
-10.0985 4.4917e-07 -1.86811
-10.1106 -1.27421e-06 -1.86929
-10.1223 1.92893e-06 -1.8705
-10.1336 6.72312e-07 -1.87175
-10.1443 1.1205e-07 -1.87304
-10.1547 6.36097e-07 -1.87436
-10.1647 -1.43304e-06 -1.87572
-10.1741 -9.54565e-07 -1.87711
-10.1832 8.15395e-07 -1.87853
-10.1919 -1.64516e-06 -1.87997
-10.2 -1.7285e-06 -1.88144
-10.2078 5.07154e-08 -1.88294
-10.215 9.37146e-07 -1.88446
-10.2219 5.75192e-07 -1.886
-10.2284 -1.12477e-06 -1.88756
-10.2344 -6.34041e-07 -1.88914
-10.24 9.37308e-07 -1.89073
-10.2451 3.50782e-07 -1.89234
-10.2499 -5.75407e-07 -1.89396
-10.2543 -8.01608e-07 -1.89558
-10.2582 1.95931e-06 -1.89722
-10.2617 1.9346e-06 -1.89886
-10.2648 -5.39739e-07 -1.90051
-10.2676 6.42643e-09 -1.90217
-10.2699 -1.72518e-06 -1.90382
-10.2719 6.19625e-08 -1.90548
-10.2735 -1.126e-06 -1.90713
-10.2748 1.04603e-07 -1.90878
-10.2757 -5.29748e-08 -1.91043
-10.2762 -1.83028e-07 -1.91207
-10.2764 -5.26036e-07 -1.91371
-10.2763 -7.12796e-07 -1.91534
-10.2758 -1.05734e-06 -1.91695
-10.2752 2.30179e-07 -1.91856
-10.2739 2.44071e-07 -1.92016
-10.2726 7.62913e-09 -1.92174
-10.271 -1.921e-06 -1.92331
-10.269 -2.27972e-06 -1.92486
-10.2668 -2.13176e-06 -1.9264
-10.2643 7.02543e-07 -1.92792
-10.2615 1.7689e-07 -1.92942
-10.2586 -2.03572e-07 -1.9309
-10.2553 -8.20652e-07 -1.93236
-10.2519 -1.46234e-06 -1.9338
-10.2482 -1.17534e-06 -1.93521
-10.2444 -3.35488e-07 -1.93661
-10.2403 -9.17439e-07 -1.93797
-10.236 -2.15841e-06 -1.93932
-10.2316 7.66855e-07 -1.94064
-10.227 -3.47017e-07 -1.94193
-10.2222 -8.54828e-07 -1.94319
-10.2173 -3.4558e-07 -1.94443
-10.2123 1.29844e-06 -1.94564
-10.2071 -2.64522e-06 -1.94682
-10.2018 -5.06843e-07 -1.94797
-10.1963 -2.10738e-07 -1.94909
-10.1909 -1.62626e-07 -1.95019
-10.1852 -7.68216e-07 -1.95125
-10.1796 -9.1322e-07 -1.95229
-10.1738 -8.74639e-07 -1.95329
-10.1679 6.97652e-07 -1.95427
-10.162 2.67071e-07 -1.95522
-10.1561 1.30023e-06 -1.95613
-10.1501 4.68814e-07 -1.95702
-10.1441 1.31645e-06 -1.95789
-10.138 -4.44888e-07 -1.95872
-10.132 -9.26694e-07 -1.95952
-10.1258 2.32458e-06 -1.9603
-10.1198 8.86892e-07 -1.96105
-10.1137 2.14697e-06 -1.96178
-10.1077 -1.76616e-06 -1.96248
-10.1016 -8.124e-07 -1.96315
-10.0956 -3.40679e-06 -1.9638
-10.0896 -1.8952e-06 -1.96442
-10.0837 -3.74885e-07 -1.96503
-10.0778 -3.59342e-07 -1.9656
-10.0719 -1.53714e-06 -1.96616
-10.0726 -7.80812e-07 -1.96876
-10.0636 2.76471e-06 -1.96932
-10.0588 -1.60322e-06 -1.96974
-10.0517 1.71176e-06 -1.97003
-10.046 6.06886e-07 -1.97036
-10.0399 1.55945e-06 -1.97066
-10.0341 6.1723e-07 -1.97096
-10.0284 -1.55304e-06 -1.97124
-10.023 -4.99189e-08 -1.97151
-10.0176 -1.35062e-06 -1.97175
-10.0125 -2.08134e-06 -1.97198
-10.0074 8.13968e-08 -1.97219
-10.0025 1.04509e-06 -1.97239
-9.99775 -4.2733e-07 -1.97258
-9.99315 1.53507e-06 -1.97275
-9.98867 -9.56412e-07 -1.97289
-9.98432 -1.33873e-06 -1.97303
-9.98012 4.55393e-07 -1.97316
-9.97606 1.38011e-07 -1.97326
-9.97216 -2.50756e-06 -1.97336
-9.96834 1.25818e-06 -1.97344
-9.96469 -1.59556e-06 -1.9735
-9.96124 -1.15612e-06 -1.97356
-9.95782 -5.52182e-07 -1.9736
-9.95461 -4.17837e-07 -1.97362
-9.95153 -7.08443e-07 -1.97364
-9.94855 4.12924e-07 -1.97364
-9.94577 -9.85587e-07 -1.97363
-9.94305 3.35461e-07 -1.9736
-9.93419 -4.36104e-06 -1.9719
-9.93497 -5.93707e-07 -1.97177
-9.9318 -1.90999e-06 -1.97173
-9.93121 -4.13599e-07 -1.9718
-9.92936 8.27163e-07 -1.9718
-9.92828 -2.2063e-06 -1.97181
-9.92689 -1.34823e-08 -1.97179
-9.92579 -1.19169e-06 -1.97176
-9.92455 4.95166e-07 -1.97171
-9.92353 -9.88657e-07 -1.97165
-9.92253 -1.51064e-06 -1.97159
-9.92169 1.34402e-06 -1.97152
-9.92091 -1.85493e-06 -1.97144
-9.92013 -1.5974e-06 -1.97134
-9.9196 -1.64159e-06 -1.97124
-9.91901 -3.25754e-07 -1.97112
-9.91867 -1.88056e-06 -1.97101
-9.91837 -1.12005e-06 -1.97088
-9.91814 1.41371e-06 -1.97074
-9.91807 -2.16633e-07 -1.97059
-9.918 -8.63882e-07 -1.97044
-9.91812 1.31462e-07 -1.97027
-9.9183 -2.00746e-06 -1.9701
-9.91856 3.0692e-06 -1.96993
-9.91894 -1.14912e-06 -1.96974
-9.91939 2.1666e-07 -1.96955
-9.91988 -1.75028e-06 -1.96935
-9.92053 1.065e-06 -1.96915
-9.92123 -1.58046e-06 -1.96894
-9.92195 -1.39703e-06 -1.96873
-9.92287 2.90016e-06 -1.96851
-9.92377 -2.37492e-06 -1.96828
-9.92476 1.40252e-10 -1.96805
-9.92586 1.14863e-06 -1.96782
-9.92693 -7.69273e-07 -1.96758
-9.92815 -7.04875e-08 -1.96733
-9.92938 5.16864e-07 -1.96708
-9.93068 7.91737e-07 -1.96683
-9.93209 -3.17693e-08 -1.96658
-9.93342 -1.7844e-06 -1.96631
-9.9349 -7.75089e-07 -1.96605
-9.93639 -2.01126e-06 -1.96578
-9.9379 9.14991e-07 -1.96551
-9.93949 -2.24645e-06 -1.96524
-9.94107 4.7914e-07 -1.96497
-9.94272 -3.34551e-07 -1.96469
-9.94439 -3.54445e-07 -1.96441
-9.94608 -2.56076e-06 -1.96413
-9.94779 3.67257e-07 -1.96385
-9.94953 -2.94005e-06 -1.96356
-9.95128 -8.9371e-07 -1.96328
-9.95301 -1.65625e-06 -1.96299
-9.95474 -8.33487e-07 -1.9627
-9.95656 -1.46877e-07 -1.96241
-9.9583 -3.45761e-07 -1.96212
-9.96019 -3.7406e-06 -1.96184
-9.96195 -1.56341e-08 -1.96155
-9.9637 -2.36528e-06 -1.96126
-9.96547 -1.96223e-06 -1.96097
-9.96731 1.90801e-06 -1.96068
-9.96905 -1.92084e-07 -1.96039
-9.97083 -2.16773e-06 -1.96011
-9.97262 -3.94535e-07 -1.95982
-9.97433 -2.38564e-06 -1.95953
-9.97607 -2.05466e-06 -1.95925
-9.97782 -2.79861e-06 -1.95897
-9.97951 -1.67855e-06 -1.95869
-9.98116 1.72914e-06 -1.95841
-9.98284 3.04201e-07 -1.95814
-9.98442 -1.48553e-06 -1.95786
-9.98609 -4.59517e-06 -1.95759
-9.98765 -3.60114e-06 -1.95733
-9.98927 -3.34185e-06 -1.95706
-9.99078 -2.17397e-06 -1.9568
-9.99228 -4.48539e-07 -1.95654
-9.99372 -3.35717e-07 -1.95628
-9.99523 -1.87617e-06 -1.95603
-9.99656 5.26282e-08 -1.95578
-9.99802 -2.88503e-06 -1.95553
-9.99938 -1.58177e-06 -1.95529
-10.0006 -1.5691e-06 -1.95505
-10.002 -1.06425e-06 -1.95482
-10.0032 -2.4654e-06 -1.95459
-10.0044 -2.75278e-07 -1.95436
-10.0056 -1.29378e-07 -1.95414
-10.0067 1.47776e-07 -1.95393
-10.0078 -2.49272e-06 -1.95371
-10.0089 6.23797e-07 -1.9535
-10.0099 3.21059e-09 -1.9533
-10.0109 -2.40687e-06 -1.9531
-10.0118 -1.12978e-06 -1.9529
-10.0128 6.41759e-07 -1.95272
-10.0136 -4.5649e-07 -1.95253
-10.0145 -1.28132e-07 -1.95235
-10.0152 -2.02148e-06 -1.95217
-10.016 -1.18902e-06 -1.95201
-10.0167 2.00265e-06 -1.95184
-10.0174 5.30564e-07 -1.95168
-10.018 1.12526e-07 -1.95153
-10.0187 -1.61854e-06 -1.95138
-10.0192 5.51196e-07 -1.95123
-10.0197 -7.87055e-07 -1.95109
-10.0202 8.67984e-07 -1.95095
-10.0207 1.6562e-06 -1.95083
-10.0211 -1.91134e-06 -1.9507
-10.0215 -4.31407e-07 -1.95058
-10.0218 9.29713e-07 -1.95046
-10.0222 1.15124e-06 -1.95036
-10.0224 6.88269e-07 -1.95025
-10.0227 -1.08379e-06 -1.95015
-10.0229 -1.39924e-07 -1.95005
-10.0231 -1.73435e-06 -1.94997
-10.0233 -2.68701e-08 -1.94988
-10.0233 1.37565e-06 -1.9498
-10.0234 -3.69806e-07 -1.94973
-10.0235 1.29316e-06 -1.94965
-10.0235 5.00474e-07 -1.94959
-10.0235 6.91633e-08 -1.94953
-10.0235 6.06651e-08 -1.94947
-10.0235 -8.95327e-07 -1.94942
-10.0233 -1.19326e-06 -1.94937
-10.0232 1.15547e-06 -1.94933
-10.0231 -2.345e-07 -1.94929
-10.0229 -6.27312e-07 -1.94925
-10.0227 1.84204e-06 -1.94923
-10.0225 -6.82665e-07 -1.9492
-10.0223 1.29492e-06 -1.94918
-10.0221 6.02796e-07 -1.94916
-10.0218 2.1632e-06 -1.94915
-10.0215 -1.60017e-06 -1.94914
-10.0212 -9.59084e-07 -1.94913
-10.0209 -5.81032e-07 -1.94913
-10.0205 -1.95987e-08 -1.94913
-10.0201 2.65581e-07 -1.94914
-10.0198 -9.73874e-07 -1.94915
-10.0194 -5.76771e-07 -1.94916
-10.019 -2.18259e-06 -1.94918
-10.0186 -5.85631e-07 -1.9492
-10.0182 7.74476e-07 -1.94922
-10.0177 -1.66701e-06 -1.94925
-10.0173 -2.16454e-06 -1.94928
-10.0167 -2.71268e-06 -1.94931
-10.0163 -5.97622e-07 -1.94934
-10.0158 1.97484e-08 -1.94938
-10.0154 -1.93644e-06 -1.94942
-10.0148 -2.96077e-07 -1.94946
-10.0144 -3.43118e-07 -1.94951
-10.0139 -2.27838e-06 -1.94956
-10.0134 -2.09874e-06 -1.94961
-10.0129 -8.81574e-07 -1.94966
-10.0124 -2.28178e-06 -1.94972
-10.0118 -2.74423e-07 -1.94978
-10.0114 -3.99113e-07 -1.94984
-10.0108 -1.40379e-06 -1.9499
-10.0102 -1.51786e-06 -1.94996
-10.0098 -1.87823e-06 -1.95003
-10.0092 -1.38498e-07 -1.95009
-10.0087 6.79792e-07 -1.95016
-10.0082 -1.55394e-06 -1.95023
-10.0077 -2.71312e-08 -1.95031
-10.0072 -9.16831e-07 -1.95038
-10.0067 -7.61327e-07 -1.95045
-10.0062 3.15194e-07 -1.95053
-10.0057 -6.20716e-07 -1.9506
-10.0052 9.8219e-07 -1.95068
-10.0047 -1.90268e-06 -1.95076
-10.0043 -3.17174e-06 -1.95084
-10.0038 -2.76589e-07 -1.95092
-10.0034 7.27393e-08 -1.951
-10.0029 -1.63337e-06 -1.95108
-10.0026 -4.21438e-07 -1.95117
-10.0021 -1.88638e-06 -1.95125
-10.0017 3.57325e-08 -1.95133
-10.0012 -8.48076e-07 -1.95141
-10.0008 -9.23402e-07 -1.9515
-10.0003 -7.60099e-07 -1.95158
-10 -8.04298e-07 -1.95167
-9.99963 7.68944e-08 -1.95175
-9.99929 -1.29317e-06 -1.95183
-9.99882 8.41501e-07 -1.95191
-9.99849 -2.15203e-07 -1.952
-9.99813 2.07832e-06 -1.95208
-9.99786 1.31648e-06 -1.95217
-9.99751 -1.02222e-06 -1.95225
-9.99724 -4.47099e-07 -1.95233
-9.99692 1.53878e-08 -1.95241
-9.99668 4.56858e-07 -1.9525
-9.99641 -8.34202e-07 -1.95258
-9.99614 3.38955e-07 -1.95266
-9.9959 6.90034e-07 -1.95274
-9.9957 1.14777e-07 -1.95282
-9.99544 -3.56238e-10 -1.95289
-9.99525 -2.41725e-06 -1.95298
-9.99503 -7.17674e-07 -1.95305
-9.99487 -1.09988e-07 -1.95313
-9.99463 -3.08523e-07 -1.9532
-9.99451 -7.79338e-07 -1.95327
-9.99435 -1.07443e-06 -1.95335
-9.99423 6.72665e-07 -1.95342
-9.99407 -6.55252e-07 -1.95349
-9.99393 -1.88615e-06 -1.95356
-9.9939 -1.46956e-06 -1.95363
-9.99368 2.5292e-07 -1.95369
-9.99362 -1.45467e-06 -1.95376
-9.99352 -1.82182e-06 -1.95382
-9.99348 -9.23027e-07 -1.95389
-9.99341 -7.47851e-07 -1.95395
-9.99336 1.68247e-07 -1.95401
-9.99324 -4.11318e-07 -1.95407
-9.99327 -1.52361e-06 -1.95413
-9.99316 -8.92058e-07 -1.95418
-9.9932 1.07172e-06 -1.95424
-9.99317 -2.38104e-07 -1.95429
-9.99316 -2.95579e-06 -1.95434
-9.99315 -1.99678e-06 -1.95439
-9.99315 -2.24801e-06 -1.95444
-9.99321 -1.24034e-06 -1.95449
-9.99322 -1.86826e-06 -1.95454
-9.99324 -1.82777e-06 -1.95458
-9.99333 1.31935e-07 -1.95463
-9.99332 -3.39141e-07 -1.95466
-9.99343 -1.86541e-07 -1.95471
-9.99342 -1.58484e-06 -1.95474
-9.99353 -7.41274e-07 -1.95478
-9.99363 -1.15478e-06 -1.95482
-9.99368 -2.22393e-06 -1.95485
-9.99378 -3.16237e-08 -1.95489
-9.99388 -1.44831e-06 -1.95492
-9.99397 -4.38116e-07 -1.95495
-9.99408 -4.00607e-07 -1.95497
-9.99415 -3.27842e-06 -1.955
-9.99426 -2.3118e-06 -1.95503
-9.99441 -1.19344e-06 -1.95505
-9.99449 -1.81126e-06 -1.95507
-9.99464 -5.155e-07 -1.9551
-9.99477 -1.58797e-06 -1.95512
-9.99493 -2.19219e-06 -1.95513
-9.99506 -2.92158e-06 -1.95515
-9.99518 -9.46625e-07 -1.95517
-9.9953 -2.79528e-06 -1.95518
-9.99548 -1.92633e-06 -1.9552
-9.99558 -1.68846e-06 -1.95521
-9.99573 -3.0826e-06 -1.95522
-9.99587 -6.68314e-07 -1.95523
-9.99605 -1.75772e-06 -1.95523
-9.99618 -3.99194e-06 -1.95524
-9.99635 -2.7493e-06 -1.95525
-9.99652 3.14096e-08 -1.95525
-9.99663 -7.10191e-07 -1.95525
-9.99684 -1.63238e-06 -1.95526
-9.99694 -2.75145e-07 -1.95526
-9.99712 2.34894e-06 -1.95526
-9.99723 -1.04423e-07 -1.95526
-9.99739 -2.34912e-06 -1.95526
-9.99754 1.64744e-07 -1.95525
-9.99774 -2.17793e-06 -1.95525
-9.99785 -4.48448e-07 -1.95524
-9.998 -1.05495e-06 -1.95524
-9.99811 -1.23649e-06 -1.95523
-9.99827 8.4865e-07 -1.95523
-9.99841 -2.03084e-06 -1.95521
-9.99851 1.92903e-07 -1.95521
-9.99876 -1.776e-06 -1.9552
-9.99878 1.07094e-06 -1.95519
-9.99901 3.08573e-07 -1.95518
-9.9991 -4.42482e-09 -1.95517
-9.99929 7.48686e-07 -1.95515
-9.99938 -2.06178e-07 -1.95514
-9.99955 -1.2823e-06 -1.95512
-9.99962 -6.85892e-07 -1.95511
-9.99978 -8.13222e-07 -1.95509
-9.99988 3.94816e-07 -1.95508
-10 9.10873e-07 -1.95506
-10.0001 4.17084e-07 -1.95505
-10.0002 -1.75001e-06 -1.95503
-10.0003 -1.68588e-06 -1.95501
-10.0004 1.22623e-07 -1.95499
-10.0005 -3.58293e-08 -1.95498
-10.0006 -3.27644e-08 -1.95496
-10.0007 -1.11066e-06 -1.95494
-10.0008 7.67307e-07 -1.95492
-10.0009 -2.03046e-06 -1.9549
-10.001 -2.44813e-06 -1.95488
-10.0011 -2.03833e-07 -1.95486
-10.0011 9.13756e-07 -1.95484
-10.0012 -9.20615e-07 -1.95482
-10.0013 -2.1038e-06 -1.9548
-10.0013 -2.04436e-06 -1.95478
-10.0014 -2.11204e-06 -1.95476
-10.0014 -6.71497e-07 -1.95474
-10.0015 -2.5034e-06 -1.95472
-10.0015 -2.276e-06 -1.9547
-10.0016 -1.45579e-06 -1.95468
-10.0018 5.44963e-08 -1.95466
-10.0017 5.19853e-07 -1.95463
-10.0018 -1.69913e-06 -1.95461
-10.0018 2.25449e-06 -1.95459
-10.0019 3.37674e-07 -1.95457
-10.0018 -1.53613e-06 -1.95455
-10.0019 -1.89924e-06 -1.95453
-10.0019 1.53716e-06 -1.95451
-10.002 1.0972e-06 -1.95449
-10.0019 1.0856e-06 -1.95447
-10.002 2.6865e-06 -1.95445
-10.002 -1.19291e-06 -1.95443
-10.002 7.63057e-07 -1.95441
-10.002 5.14771e-07 -1.95439
-10.002 1.57835e-06 -1.95437
-10.002 -8.66994e-09 -1.95435
-10.002 -3.94978e-07 -1.95433
-10.002 -3.33734e-07 -1.95432
-10.002 -2.30248e-07 -1.9543
-10.002 6.16495e-08 -1.95428
-10.002 -6.98698e-08 -1.95426
-10.002 -6.44709e-07 -1.95424
-10.002 1.75227e-07 -1.95423
-10.002 4.80381e-07 -1.95421
-10.0019 1.44025e-06 -1.95419
-10.002 -1.15338e-06 -1.95418
-10.0019 -5.62818e-07 -1.95416
-10.0019 -2.35758e-06 -1.95415
-10.0019 -9.36102e-08 -1.95413
-10.0019 -2.12011e-06 -1.95412
-10.0018 6.23971e-08 -1.9541
-10.0018 3.28401e-08 -1.95409
-10.0018 -6.49624e-07 -1.95408
-10.0017 -1.6096e-06 -1.95406
-10.0017 -2.96797e-06 -1.95405
-10.0016 -1.19233e-06 -1.95404
-10.0016 -9.30143e-07 -1.95403
-10.0016 5.64319e-07 -1.95402
-10.0016 -1.52248e-06 -1.95401
-10.0015 -2.25073e-06 -1.95399
-10.0015 -8.74873e-07 -1.95399
-10.0015 -3.79907e-06 -1.95398
-10.0013 -2.09859e-06 -1.95396
-10.0014 -1.20517e-06 -1.95396
-10.0013 -4.26983e-07 -1.95395
-10.0013 -1.54402e-06 -1.95394
-10.0012 -8.87687e-07 -1.95393
-10.0012 -1.96994e-06 -1.95393
-10.0011 -1.39811e-06 -1.95392
-10.0011 -4.03001e-07 -1.95391
-10.0011 -2.83924e-06 -1.95391
-10.001 -1.28191e-06 -1.9539
-10.001 -2.21102e-06 -1.95389
-10.0009 -2.50019e-06 -1.95389
-10.0008 -3.52976e-06 -1.95388
-10.0009 -6.16257e-07 -1.95388
-10.0007 -2.47088e-06 -1.95387
-10.0008 -1.86883e-06 -1.95387
-10.0007 -3.72297e-06 -1.95387
-10.0006 -2.92438e-06 -1.95387
-10.0006 2.71784e-07 -1.95386
-10.0005 -7.36776e-07 -1.95386
-10.0005 -5.06222e-07 -1.95386
-10.0005 -1.58235e-06 -1.95386
-10.0004 -2.03554e-06 -1.95386
-10.0004 -1.13955e-07 -1.95386
-10.0004 -1.93194e-06 -1.95385
-10.0003 -1.81858e-06 -1.95385
-10.0003 1.10327e-07 -1.95385
-10.0002 -9.7894e-08 -1.95385
-10.0002 -1.31889e-06 -1.95386
-10.0002 -2.49527e-06 -1.95385
-10.0001 -9.843e-07 -1.95386
-10.0002 -2.77838e-06 -1.95386
-10 -1.34684e-06 -1.95386
-10 -2.82128e-06 -1.95386
-9.99996 -8.44646e-07 -1.95386
-9.99991 -1.78176e-06 -1.95387
-9.99989 -3.1309e-06 -1.95387
-9.99986 -1.25432e-06 -1.95387
-9.99984 3.00099e-07 -1.95388
-9.99985 -3.81613e-06 -1.95388
-9.99982 -2.7881e-06 -1.95388
-9.99974 -1.03588e-06 -1.95389
-9.99979 -1.51912e-06 -1.95389
-9.9997 -3.00309e-06 -1.95389
-9.99973 -2.42909e-06 -1.9539
-9.99966 -4.30612e-06 -1.95391
-9.9997 -3.11908e-06 -1.95391
-9.9996 -1.54313e-07 -1.95391
-9.99966 -1.39422e-06 -1.95392
-9.99958 4.85901e-08 -1.95392
-9.99961 -3.91868e-06 -1.95393
-9.99953 -1.7241e-06 -1.95393
-9.99954 -2.04933e-06 -1.95394
-9.99955 -2.98224e-06 -1.95394
-9.99952 -2.21078e-06 -1.95395
-9.99951 -2.39324e-06 -1.95396
-9.99947 -2.41041e-06 -1.95396
-9.99946 -4.826e-06 -1.95397
-9.9995 -2.78898e-06 -1.95397
-9.99944 -4.1495e-06 -1.95397
-9.99942 -1.01527e-06 -1.95398
-9.99951 -1.84334e-06 -1.95399
-9.99943 -3.42698e-06 -1.954
-9.99943 -3.23825e-06 -1.954
-9.99944 -3.55355e-06 -1.95401
-9.9994 -3.08329e-06 -1.95401
-9.99942 -1.61843e-06 -1.95402
-9.99941 6.0237e-08 -1.95403
-9.99939 -3.69993e-06 -1.95403
-9.99946 -2.2984e-06 -1.95404
-9.99943 -1.60397e-06 -1.95405
-9.99942 -1.46229e-06 -1.95405
-9.99939 -3.76435e-06 -1.95406
-9.99943 -2.88484e-06 -1.95406
-9.99943 -2.57806e-06 -1.95407
-9.9994 1.88796e-07 -1.95408
-9.99945 -2.18089e-06 -1.95409
-9.99936 -9.3524e-07 -1.95409
-9.99945 -2.56972e-06 -1.9541
-9.99941 6.40481e-07 -1.9541
-9.99949 -2.99131e-06 -1.95411
-9.99944 -1.25601e-06 -1.95411
-9.99947 -1.27983e-06 -1.95412
-9.99946 -2.20216e-06 -1.95413
-9.9995 -1.49864e-06 -1.95413
-9.99945 1.56666e-07 -1.95414
-9.99949 -1.40425e-06 -1.95414
-9.99945 -1.89691e-06 -1.95415
-9.99952 -2.22741e-06 -1.95416
-9.99955 -1.61876e-06 -1.95416
-9.99955 -2.20862e-07 -1.95417
-9.99951 -1.74297e-06 -1.95417
-9.99952 -1.14791e-06 -1.95418
-9.99953 -1.35959e-06 -1.95418
-9.99955 8.52353e-08 -1.95419
-9.99955 7.31578e-07 -1.95419
-9.99961 -1.4804e-06 -1.9542
-9.99959 5.4105e-07 -1.9542
-9.99962 -1.26441e-06 -1.95421
-9.99961 -4.419e-06 -1.95421
-9.99967 -5.53723e-07 -1.95422
-9.99964 -5.894e-07 -1.95422
-9.99968 -2.60902e-06 -1.95423
-9.99969 -3.8073e-07 -1.95423
-9.9997 -3.12087e-06 -1.95424
-9.99975 -1.147e-06 -1.95424
-9.99971 7.68426e-08 -1.95425
-9.99979 -3.13612e-06 -1.95425
-9.99976 -2.18522e-06 -1.95425
-9.99975 -3.91157e-07 -1.95426
-9.99985 6.03028e-07 -1.95426
-9.99979 -1.95159e-07 -1.95426
-9.99987 -2.0723e-06 -1.95427
-9.99986 -2.8926e-07 -1.95427
-9.99983 -1.79078e-06 -1.95428
-9.99985 -1.2711e-06 -1.95428
-9.99987 -8.99834e-07 -1.95428
-9.99989 1.09986e-06 -1.95429
-9.99988 -6.67002e-07 -1.95429
-9.99996 -2.83731e-06 -1.9543
-9.99988 -7.95906e-07 -1.9543
-9.99995 -1.92599e-06 -1.9543
-9.99993 -1.34862e-06 -1.9543
-9.99997 -1.63054e-06 -1.95431
-9.99995 -8.32564e-07 -1.95431
-9.99998 -1.78632e-06 -1.95431
-9.99999 -3.30931e-06 -1.95431
-10 -1.83772e-06 -1.95432
-10 7.24342e-07 -1.95432
-10.0001 -9.58778e-07 -1.95432
-10 -1.42286e-06 -1.95432
-10.0001 -6.69235e-07 -1.95433
-10 -1.12251e-06 -1.95432
-10.0001 -1.87744e-06 -1.95433
-10.0001 -4.52122e-07 -1.95433
-10.0001 -2.39409e-06 -1.95433
-10.0001 -5.06393e-07 -1.95434
-10.0001 5.77228e-07 -1.95434
-10.0001 -1.10824e-06 -1.95434
-10.0001 -2.80972e-06 -1.95434
-10.0001 -2.38433e-06 -1.95434
-10.0001 -3.13975e-06 -1.95434
-10.0002 -1.56297e-06 -1.95434
-10.0001 -1.9821e-06 -1.95434
-10.0001 -2.5541e-06 -1.95435
-10.0001 -2.9294e-06 -1.95434
-10.0001 -9.50378e-07 -1.95435
-10.0002 -3.11479e-06 -1.95435
-10.0002 -8.35712e-07 -1.95435
-10.0002 -3.27016e-06 -1.95435
-10.0001 -2.26695e-06 -1.95435
-10.0002 -1.06711e-06 -1.95435
-10.0002 -1.40423e-06 -1.95435
-10.0002 -4.78162e-06 -1.95435
-10.0002 -1.97995e-06 -1.95435
-10.0002 -6.10699e-07 -1.95435
-10.0002 -2.32095e-06 -1.95435
-10.0002 -2.01649e-06 -1.95436
-10.0002 -1.36519e-06 -1.95436
-10.0002 -9.94586e-07 -1.95435
-10.0002 -9.89258e-07 -1.95436
-10.0002 -9.0095e-07 -1.95436
-10.0002 -4.30153e-06 -1.95436
-10.0002 -3.8819e-06 -1.95436
-10.0002 -3.98649e-06 -1.95436
-10.0002 -3.50525e-06 -1.95436
-10.0002 -3.20479e-06 -1.95436
-10.0002 2.9874e-07 -1.95436
-10.0002 -9.05371e-07 -1.95436
-10.0002 -1.00885e-06 -1.95436
-10.0002 -2.70307e-06 -1.95436
-10.0002 -3.4026e-06 -1.95436
-10.0002 -2.44224e-06 -1.95436
-10.0002 -3.23523e-06 -1.95436
-10.0003 -4.9614e-06 -1.95436
-10.0002 -3.06416e-06 -1.95436
-10.0002 -3.03423e-06 -1.95436
-10.0002 -3.07913e-06 -1.95436
-10.0002 -1.28113e-06 -1.95436
-10.0002 -2.02321e-08 -1.95436
-10.0002 -3.19917e-06 -1.95437
-10.0002 -1.41439e-06 -1.95437
-10.0002 -2.19258e-06 -1.95436
-10.0002 -2.73734e-06 -1.95437
-10.0002 -1.07081e-06 -1.95437
-10.0002 -1.62291e-06 -1.95437
-10.0002 -1.50572e-06 -1.95437
-10.0002 -1.08114e-06 -1.95437
-10.0002 -2.80767e-06 -1.95437
-10.0002 -8.9877e-07 -1.95437
-10.0002 -2.70857e-06 -1.95437
-10.0002 -1.24115e-06 -1.95437
-10.0002 -1.64231e-06 -1.95437
-10.0002 -2.2554e-06 -1.95437
-10.0002 -2.69975e-06 -1.95437
-10.0002 -3.99559e-06 -1.95437
-10.0002 -1.81085e-07 -1.95437
-10.0002 -2.23376e-06 -1.95437
-10.0002 -1.69913e-06 -1.95437
-10.0002 -2.73045e-06 -1.95437
-10.0002 -1.86044e-06 -1.95437
-10.0001 -1.40913e-06 -1.95437
-10.0001 -2.21807e-06 -1.95437
-10.0002 -1.63773e-06 -1.95437
-10.0001 -5.30931e-07 -1.95437
-10.0001 -1.0368e-06 -1.95437
-10.0002 -1.43113e-06 -1.95437
-10.0001 -2.29096e-06 -1.95437
-10.0001 -9.63321e-07 -1.95437
-10.0001 -1.82675e-06 -1.95437
-10.0001 -7.90954e-07 -1.95438
-10.0001 -2.17534e-06 -1.95437
-10.0001 -3.00124e-06 -1.95438
-10.0001 -3.43472e-06 -1.95437
-10.0001 -1.93603e-06 -1.95438
-10.0001 -3.26549e-06 -1.95438
-10.0001 -2.37723e-06 -1.95438
-10.0001 -9.34709e-07 -1.95438
-10.0001 -3.49254e-06 -1.95438
-10.0001 -3.34752e-06 -1.95438
-10 -3.61714e-06 -1.95438
-10.0001 -3.22408e-06 -1.95438
-10 -2.01177e-06 -1.95438
-10.0001 -1.86508e-06 -1.95439
-9.99999 -4.58513e-06 -1.95438
-10.0001 -4.11966e-06 -1.95439
-9.99997 -4.06907e-06 -1.95438
-10 -2.73988e-06 -1.95439
-10 -2.99596e-06 -1.95439
-9.99999 -3.52079e-06 -1.95439
-9.99998 -2.24821e-06 -1.95439
-10 -2.93244e-06 -1.95439
-9.99999 -4.20681e-06 -1.95439
-10 -4.52275e-06 -1.95439
-9.99996 -2.48673e-06 -1.95439
-9.99998 -3.8254e-06 -1.95439
-9.99996 -3.25338e-06 -1.95439
-10 -5.92003e-06 -1.9544
-9.99999 -3.85079e-06 -1.95439
-9.99999 -2.77835e-06 -1.9544
-10 -5.474e-06 -1.9544
-9.99997 -2.56054e-06 -1.95439
-10 -4.23453e-06 -1.9544
-9.99995 -3.53955e-06 -1.9544
-9.99997 -4.66095e-06 -1.9544
-9.99992 -5.13433e-06 -1.9544
-9.99998 -2.31847e-06 -1.9544
-9.99999 -3.91443e-06 -1.9544
-9.99996 -5.80379e-06 -1.9544
-9.99998 -3.65692e-06 -1.9544
-9.99992 -3.98827e-06 -1.9544
-9.99997 -4.94085e-06 -1.95441
-9.99995 -1.90234e-06 -1.95441
-9.99998 -2.77622e-06 -1.95441
-9.99999 -1.71214e-06 -1.95441
-9.99998 -2.85257e-06 -1.95441
-9.99995 -1.74262e-06 -1.95441
-9.99995 -2.42461e-06 -1.95441
-9.99997 -4.5585e-06 -1.95441
-9.99989 -4.19455e-06 -1.95441
-9.99996 -4.17081e-06 -1.95442
-9.99994 -2.9395e-06 -1.95442
-9.99995 -4.4571e-06 -1.95442
-9.99996 -5.29691e-06 -1.95442
-9.99996 -1.83951e-06 -1.95442
-9.99999 -3.76861e-06 -1.95442
-9.99996 -3.47477e-06 -1.95442
-9.99995 -3.94153e-06 -1.95442
-9.99998 -3.86631e-06 -1.95443
-9.99998 -4.08448e-06 -1.95443
-9.99991 -2.92176e-06 -1.95442
-9.99999 -3.47032e-06 -1.95443
-9.99998 -2.92691e-06 -1.95443
-10 -3.8708e-06 -1.95443
-9.99993 -3.10539e-06 -1.95443
-9.99998 -2.19484e-06 -1.95443
-9.99996 -5.56703e-06 -1.95443
-9.99996 -3.93036e-06 -1.95444
-9.99995 -2.14379e-06 -1.95443
-9.99996 -3.9402e-06 -1.95444
-9.99999 -2.97218e-06 -1.95444
-9.99997 -3.9468e-06 -1.95444
-9.99995 -4.20091e-06 -1.95444
-10 -4.17514e-06 -1.95444
-10 -3.01636e-06 -1.95445
-9.99998 -1.83781e-06 -1.95444
-9.99996 -3.91666e-06 -1.95445
-9.99997 -3.81264e-06 -1.95445
-9.99997 -2.09496e-06 -1.95445
-9.99995 -2.71189e-06 -1.95445
-10 -2.34459e-06 -1.95445
-9.99997 -2.89191e-06 -1.95445
-10 -2.52088e-06 -1.95445
-10 -2.97241e-06 -1.95445
-10 -5.96862e-06 -1.95446
-10 -4.57706e-06 -1.95445
-9.99999 -2.62357e-06 -1.95446
-10 -2.14266e-06 -1.95446
-9.99995 -1.123e-06 -1.95446
-9.99997 -4.02477e-06 -1.95446
-10.0001 -2.86023e-06 -1.95446
-10 -1.09258e-06 -1.95446
-10 -5.85126e-07 -1.95446
-10 -2.37021e-06 -1.95447
-9.99998 -4.01599e-06 -1.95447
-10 -2.7965e-06 -1.95447
-10 -3.03285e-06 -1.95447
-10.0001 -1.08254e-06 -1.95447
-10 -2.22611e-06 -1.95447
-10 -3.17322e-06 -1.95447
-10 -1.53774e-06 -1.95447
-10.0001 -3.93865e-06 -1.95448
-9.99998 -1.74198e-06 -1.95448
-10.0001 -1.41575e-06 -1.95448
-10 -2.53177e-06 -1.95448
-10.0001 -3.04747e-06 -1.95448
-10 -1.45381e-06 -1.95448
-10.0001 -4.11244e-06 -1.95448
-10.0001 -2.52263e-06 -1.95449
-10 -2.77064e-06 -1.95448
-10 -3.43991e-06 -1.95449
-10 -2.49244e-06 -1.95449
-10 -3.15428e-06 -1.95449
-10.0001 -3.76434e-06 -1.95449
-10 -3.13841e-06 -1.95449
-10.0001 -1.29522e-06 -1.95449
-9.99999 -1.75523e-06 -1.95449
-10.0001 -4.29892e-06 -1.95449
-10.0001 -3.06507e-06 -1.9545
-10 -4.14444e-06 -1.95449
-10.0001 -3.69927e-06 -1.9545
-10.0001 -2.50021e-06 -1.9545
-10.0001 -4.03158e-06 -1.9545
-10.0001 -4.43707e-06 -1.9545
-10 -2.96515e-06 -1.9545
-10.0001 -4.03967e-06 -1.9545
-10 -5.12643e-06 -1.9545
-10.0001 -3.33856e-06 -1.9545
-10 -2.54975e-06 -1.95451
-10.0001 -3.6219e-06 -1.95451
-10.0001 -2.94019e-06 -1.95451
-10.0001 -1.16303e-06 -1.95451
-9.99998 -3.34114e-06 -1.95451
-10 -3.35573e-06 -1.95451
-10.0001 -1.63099e-06 -1.95451
-10.0001 -3.46741e-06 -1.95451
-10 -3.57096e-06 -1.95451
-10.0001 -3.45191e-06 -1.95451
-10 -3.417e-06 -1.95451
-10.0001 -4.13869e-06 -1.95452
-9.99999 -3.33753e-06 -1.95452
-10.0001 -5.14654e-07 -1.95452
-10 -3.9088e-06 -1.95452
-10.0001 -3.56153e-07 -1.95452
-10 -2.48459e-06 -1.95452
-10.0001 1.36493e-07 -1.95452
-10 -1.31532e-06 -1.95452
-10 -3.1059e-06 -1.95453
-10 -4.60813e-06 -1.95453
-10 -3.90788e-06 -1.95453
-10.0001 -3.53429e-06 -1.95453
-10 -5.06488e-06 -1.95453
-10 -1.81985e-06 -1.95453
-10 -4.16439e-06 -1.95453
-10 -2.37573e-06 -1.95453
-10.0001 -3.09634e-06 -1.95453
-10 -3.56293e-06 -1.95453
-10.0001 -4.45202e-06 -1.95453
-9.99999 -1.60081e-06 -1.95453
-10.0001 -1.60733e-06 -1.95454
-9.99994 -4.85173e-06 -1.95453
-10.0001 -2.48699e-06 -1.95454
-10 -2.29243e-06 -1.95454
-10.0001 -2.36575e-06 -1.95454
-10 -3.09819e-06 -1.95454
-10.0001 -2.42419e-06 -1.95454
-10 -2.0883e-06 -1.95454
-10 -9.35602e-07 -1.95454
-10.0001 -2.86927e-06 -1.95454
-10 -5.20425e-06 -1.95454
-10.0001 -2.79959e-06 -1.95455
-10 -2.28346e-06 -1.95455
-10 -3.30083e-06 -1.95455
-10 -2.90579e-06 -1.95455
-10 -3.01857e-06 -1.95455
-10 -1.80172e-06 -1.95455
-10 -9.52058e-07 -1.95455
-10 -3.55388e-06 -1.95455
-10 -1.41089e-06 -1.95455
-10 -2.54296e-06 -1.95455
-10 -2.4396e-06 -1.95455
-10.0001 -2.85658e-06 -1.95456
-9.99998 -1.4878e-06 -1.95455
-10 -2.77699e-06 -1.95456
-10 -3.19339e-06 -1.95456
-10.0001 -1.14622e-06 -1.95456
-9.99999 -3.5471e-06 -1.95456
-10 -2.5117e-06 -1.95456
-10 -2.5269e-06 -1.95456
-10 -1.38327e-06 -1.95456
-10 -3.11598e-06 -1.95456
-10 -4.15877e-06 -1.95456
-10 -9.95982e-07 -1.95456
-9.99997 -2.32592e-06 -1.95456
-10 -2.60934e-06 -1.95457
-10 -1.54242e-06 -1.95457
-10 -3.20163e-06 -1.95457
-10 -3.43469e-06 -1.95457
-9.99998 -3.10858e-06 -1.95457
-10 -3.73614e-06 -1.95457
-9.99999 -4.59515e-06 -1.95457
-10 -2.7914e-06 -1.95457
-10 -2.94416e-06 -1.95457
-9.99999 -2.12701e-06 -1.95458
-10.0001 -2.78171e-06 -1.95458
-9.99997 -2.04368e-06 -1.95458
-10 -2.24373e-06 -1.95458
-9.99998 -1.80783e-06 -1.95458
-10 -3.07346e-06 -1.95458
-9.99999 -3.1165e-06 -1.95458
-10.0001 -3.52089e-06 -1.95459
-10 -2.63591e-06 -1.95459
-10 -2.82847e-06 -1.95459
-10 -4.10274e-06 -1.95458
-10.0001 -2.24957e-06 -1.95459
-9.99996 -1.96922e-06 -1.95459
-10 -4.47299e-06 -1.95459
-9.99999 -2.49176e-06 -1.95459
-10 -2.91213e-06 -1.95459
-9.99997 -4.08439e-06 -1.95459
-10 -3.11933e-06 -1.9546
-9.99998 -3.86819e-06 -1.9546
-9.99999 -2.77842e-06 -1.9546
-9.99997 -2.86252e-06 -1.9546
-10 -3.03112e-06 -1.9546
-9.99998 -3.27098e-06 -1.9546
-9.99996 -2.4284e-06 -1.9546
-10 -3.80633e-06 -1.9546
-9.99999 -1.81057e-06 -1.9546
-10 -3.976e-06 -1.9546
-10 -3.69384e-06 -1.95461
-10 -2.7155e-06 -1.95461
-9.99998 -3.30305e-06 -1.95461
-10.0001 -3.67824e-06 -1.95461
-9.99996 -2.76357e-06 -1.95461
-10.0001 -4.42675e-06 -1.95461
-9.99997 -3.46848e-06 -1.95461
-9.99998 -2.99756e-06 -1.95461
-9.99999 -1.3291e-06 -1.95462
-9.99998 -1.9663e-06 -1.95462
-10 -3.01995e-06 -1.95462
-10 -4.15832e-06 -1.95462
-10 -3.87397e-06 -1.95462
-10 -2.63239e-06 -1.95462
-10 -3.98014e-06 -1.95462
-9.99999 -6.25498e-06 -1.95462
-10 -2.71822e-06 -1.95463
-9.99993 -4.08646e-06 -1.95462
-9.99998 -2.48111e-06 -1.95463
-9.99999 -3.01256e-06 -1.95463
-9.99997 -3.08084e-06 -1.95463
-9.99999 -3.20839e-06 -1.95463
-9.99995 -4.18358e-06 -1.95463
-10 -3.27839e-06 -1.95463
-9.99993 -1.87901e-06 -1.95463
-10 -4.17167e-06 -1.95463
-9.99997 -3.68475e-06 -1.95463
-9.99998 -3.81714e-06 -1.95464
-9.99997 -4.5092e-06 -1.95464
-10 -2.6497e-06 -1.95464
-9.99997 -4.16816e-06 -1.95464
-10 -3.82639e-06 -1.95464
-9.99998 -4.2577e-06 -1.95464
-9.99999 -3.71579e-06 -1.95464
-9.99999 -3.91505e-06 -1.95465
-10 -5.21908e-06 -1.95465
-9.99998 -3.61538e-06 -1.95465
-10 -3.53673e-06 -1.95465
-9.99998 -4.22723e-06 -1.95465
-10 -1.59915e-07 -1.95465
-10 -3.92859e-06 -1.95465
-10 -3.89322e-06 -1.95465
-9.99998 -3.5162e-06 -1.95466
-10 -4.41844e-06 -1.95466
-9.99996 -4.21967e-06 -1.95466
-10 -2.90247e-06 -1.95466
-10 -4.2197e-06 -1.95466
-10 -1.9496e-06 -1.95466
-10 -4.2758e-06 -1.95466
-10 -3.24103e-06 -1.95466
-10.0001 -3.16857e-06 -1.95467
-9.99994 -2.49926e-06 -1.95466
-10 -2.88909e-06 -1.95467
-10 -4.63771e-06 -1.95467
-9.99995 -3.6011e-06 -1.95467
-10.0001 -3.20282e-06 -1.95467
-10 -3.77282e-06 -1.95467
-10 -2.27395e-06 -1.95467
-10.0001 -3.34463e-06 -1.95467
-10 -3.2562e-06 -1.95467
-10.0001 -4.09834e-06 -1.95468
-10 -2.44138e-06 -1.95467
-10 -3.35237e-06 -1.95468
-10 -3.72159e-06 -1.95468
-10 -4.23618e-06 -1.95468
-10 -3.85532e-06 -1.95468
-10.0001 -3.3201e-06 -1.95468
-10.0001 -2.05827e-06 -1.95468
-10 -2.3369e-06 -1.95468
-10 -1.05343e-06 -1.95468
-10 -2.93845e-06 -1.95469
-10 -3.29467e-06 -1.95469
-10 -4.40137e-06 -1.95469
-10 -4.987e-06 -1.95469
-10 -3.73533e-06 -1.95469
-9.99999 -2.84215e-06 -1.95469
-9.99998 -2.79537e-06 -1.95469
-9.99999 -4.46556e-06 -1.95469
-10.0001 -4.72115e-06 -1.95469
-10 -2.27866e-06 -1.95469
-10 -4.04641e-06 -1.9547
-10 -2.56428e-06 -1.9547
-10 -3.6825e-06 -1.9547
-10 -3.11997e-06 -1.9547
-10 -3.1942e-06 -1.9547
-10.0001 -2.90757e-06 -1.9547
-10.0001 -3.97802e-06 -1.9547
-9.99998 -2.64935e-06 -1.9547
-10.0001 -4.87613e-06 -1.95471
-9.99996 -2.28729e-06 -1.9547
-10.0001 -4.13575e-06 -1.9547
-9.99999 -2.06295e-06 -1.9547
-10 -3.81477e-06 -1.95471
-10 -4.85426e-06 -1.95471
-10 -3.92282e-06 -1.95471
-10 -4.13304e-06 -1.95471
-10 -3.68573e-06 -1.95471
-10 -2.68101e-06 -1.95471
-10 -2.24153e-06 -1.95471
-10 -1.07488e-06 -1.95471
-10 -3.47639e-06 -1.95471
-10 -3.36022e-06 -1.95471
-10.0001 -3.29205e-06 -1.95472
-10 -3.9809e-06 -1.95471
-10.0001 -1.51274e-06 -1.95472
-10 -3.01376e-06 -1.95472
-10 -4.25576e-06 -1.95472
-10 -1.47312e-06 -1.95472
-9.99997 -3.97946e-06 -1.95472
-10.0001 -2.38746e-06 -1.95472
-10 -2.8272e-06 -1.95472
-10 -1.73971e-06 -1.95472
-10 -3.26143e-06 -1.95472
-9.99999 -2.30284e-06 -1.95472
-10 -2.57465e-06 -1.95473
-10 -2.0974e-06 -1.95473
-10.0001 -3.61675e-06 -1.95473
-10 -3.39299e-06 -1.95473
-10.0001 -3.75838e-06 -1.95473
-10 -2.83127e-06 -1.95473
-10 -3.50741e-06 -1.95473
-10.0001 -2.06127e-06 -1.95473
-9.99998 -1.86963e-06 -1.95473
-10 -2.22672e-06 -1.95473
-10 -3.71505e-06 -1.95473
-10 -1.19059e-06 -1.95474
-10.0001 -5.79185e-06 -1.95474
-10 -4.22919e-06 -1.95474
-10 -3.6843e-06 -1.95474
-10 -3.39476e-06 -1.95474
-10.0001 -3.41351e-06 -1.95474
-10 -3.74704e-06 -1.95474
-10 -2.72899e-06 -1.95474
-10 -1.81464e-06 -1.95474
-10.0001 -2.40981e-06 -1.95475
-10 -5.09411e-07 -1.95474
-10 -3.96793e-06 -1.95475
-10 -2.17181e-06 -1.95474
-10.0001 -2.97021e-06 -1.95475
-10 -3.0555e-06 -1.95475
-10 -3.68125e-06 -1.95475
-10 -2.12097e-06 -1.95475
-10.0001 -3.11835e-06 -1.95475
-10 -3.3707e-06 -1.95475
-9.99998 -3.74047e-06 -1.95475
-10 -3.19276e-06 -1.95475
-9.99995 -2.94564e-06 -1.95475
-10.0001 -1.50906e-06 -1.95476
-9.99999 -2.89009e-06 -1.95475
-10 -4.09604e-06 -1.95476
-9.99999 -1.97578e-06 -1.95476
-10.0001 -2.14632e-06 -1.95476
-10 -3.82768e-06 -1.95476
-10 -1.97133e-06 -1.95476
-10 -2.77507e-06 -1.95476
-10 -1.99243e-06 -1.95476
-10 -1.90135e-06 -1.95476
-10 -1.69408e-06 -1.95477
-9.99999 -1.99169e-06 -1.95476
-10 -1.65475e-06 -1.95477
-9.99996 -2.82761e-06 -1.95476
-10 -1.26021e-06 -1.95477
-9.99999 -2.78446e-06 -1.95477
-10 -3.54914e-06 -1.95477
-10 -2.42913e-06 -1.95477
-10 -8.27466e-07 -1.95477
-9.99997 -5.15873e-07 -1.95477
-9.99999 -2.52837e-06 -1.95477
-10 -2.95229e-06 -1.95477
-10 -3.94863e-07 -1.95477
-10 -1.372e-06 -1.95478
-9.99999 -4.25507e-07 -1.95478
-10 -1.56936e-06 -1.95478
-9.99997 -2.35348e-06 -1.95478
-9.99997 -5.08342e-07 -1.95478
-10 -2.08164e-06 -1.95478
-9.99997 -2.0527e-06 -1.95478
-10 -2.74447e-06 -1.95478
-10 -2.93405e-06 -1.95478
-9.99997 -2.3329e-06 -1.95478
-10 -3.18451e-06 -1.95478
-9.99998 -1.51885e-06 -1.95478
-10 -2.94567e-06 -1.95479
-10 -3.14706e-06 -1.95478
-10 -1.89969e-06 -1.95479
-10 -2.94493e-06 -1.95479
-10 -2.24464e-06 -1.95479
-9.99996 -1.2091e-07 -1.95479
-10 -3.16329e-06 -1.95479
-10 -1.27778e-06 -1.95479
-10 -2.12039e-06 -1.95479
-9.99998 -2.96176e-06 -1.95479
-10 -1.17674e-06 -1.95479
-9.99998 -1.64388e-06 -1.95479
-10 -2.15472e-06 -1.95479
-9.99997 -3.19569e-06 -1.9548
-9.99999 -3.07216e-06 -1.9548
-10 -2.72533e-06 -1.9548
-9.99994 -2.70736e-06 -1.9548
-9.99999 -2.42191e-06 -1.9548
-9.99999 -3.46827e-06 -1.9548
-10 -2.9025e-06 -1.9548
-9.99998 -2.37629e-06 -1.9548
-10 -2.68189e-06 -1.9548
-9.99996 -3.32988e-06 -1.9548
-10 -1.37295e-06 -1.95481
-9.99997 -3.98646e-06 -1.9548
-9.99999 -2.69555e-06 -1.95481
-9.99997 -3.67775e-06 -1.95481
-10 -2.93355e-06 -1.95481
-10 -3.42336e-06 -1.95481
-9.99997 -3.48379e-06 -1.95481
-10 -3.13575e-06 -1.95481
-9.99999 -2.68236e-06 -1.95481
-9.99997 -9.57568e-07 -1.95481
-10 -3.13454e-06 -1.95482
-10 -2.94643e-06 -1.95482
-10 -2.82322e-06 -1.95482
-10 -1.70035e-06 -1.95482
-9.99999 -3.25406e-06 -1.95482
-10 -2.86522e-06 -1.95482
-9.99996 -2.78846e-06 -1.95482
-10 -2.65338e-06 -1.95482
-9.99999 -1.77695e-06 -1.95482
-9.99996 -2.45352e-06 -1.95482
-10 -4.91154e-06 -1.95482
-9.99994 -2.69431e-06 -1.95482
-9.99998 -2.48195e-06 -1.95483
-9.99998 -1.86681e-06 -1.95483
-10 -3.4078e-06 -1.95483
-9.99997 -1.20352e-06 -1.95483
-9.99995 -8.14894e-07 -1.95483
-10 -1.99135e-06 -1.95483
-10 -1.8736e-06 -1.95483
-10 -2.35671e-06 -1.95483
-10 -3.5667e-06 -1.95484
-9.99999 -1.70937e-06 -1.95484
-10 -3.28904e-06 -1.95484
-10 -1.11523e-06 -1.95484
-10 -1.02559e-07 -1.95484
-9.99999 -3.10295e-06 -1.95484
-10 -1.19503e-06 -1.95484
-10 -7.10885e-07 -1.95484
-10 -1.2557e-06 -1.95484
-10 -2.86016e-06 -1.95484
-10 -1.2583e-06 -1.95484
-10 -1.22571e-06 -1.95485
-9.99996 -1.20575e-06 -1.95484
-10 -2.62842e-07 -1.95485
-10 -1.11626e-06 -1.95485
-10 -1.67327e-06 -1.95485
-10 -2.31665e-06 -1.95485
-10 3.63227e-07 -1.95485
-10 -2.16278e-06 -1.95485
-10 -1.72298e-06 -1.95486
-9.99999 -2.91317e-06 -1.95486
-9.99996 -6.46792e-07 -1.95485
-10 5.18641e-08 -1.95486
-10 -1.15353e-06 -1.95486
-10 -1.60311e-06 -1.95486
-10 -9.53753e-07 -1.95486
-10 6.98889e-07 -1.95486
-10 -1.99226e-06 -1.95486
-10 -2.82765e-06 -1.95486
-10 -3.07558e-06 -1.95486
-10 -2.44281e-06 -1.95487
-9.99998 -4.58023e-06 -1.95486
-10 -1.33161e-06 -1.95487
-10 -1.45718e-06 -1.95487
-9.99996 -1.99226e-06 -1.95487
-10 -1.76179e-06 -1.95487
-10 -2.25476e-06 -1.95487
-9.99998 -2.45746e-06 -1.95487
-10 -3.11989e-06 -1.95487
-10 -1.78165e-06 -1.95487
-10 -1.77985e-06 -1.95488
-9.99998 -1.3475e-06 -1.95487
-10 -9.86524e-07 -1.95488
-10 -1.56634e-06 -1.95487
-10 -1.42305e-06 -1.95488
-10 -3.18205e-06 -1.95488
-10 -2.98439e-06 -1.95488
-10 -1.67503e-06 -1.95488
-10 -2.6302e-06 -1.95488
-10 -3.11168e-06 -1.95488
-10 -1.58727e-06 -1.95488
-10.0001 -3.28963e-06 -1.95488
-9.99998 -2.35697e-06 -1.95489
-10 -1.97097e-06 -1.95489
-9.99997 -2.57537e-06 -1.95489
-10 1.16409e-07 -1.95489
-10 -1.63905e-06 -1.95489
-10 -2.5514e-06 -1.95489
-10 -1.95267e-06 -1.95489
-10 -3.38397e-06 -1.95489
-10 -4.01094e-07 -1.95489
-9.99998 -1.97101e-06 -1.9549
-9.99998 -9.34577e-07 -1.9549
-10 -2.72248e-06 -1.9549
-10 -1.14069e-06 -1.9549
-10 -1.93239e-06 -1.9549
-10 -3.16722e-06 -1.9549
-9.99998 -2.2078e-06 -1.9549
-10 -1.91807e-06 -1.9549
-10 -3.0895e-06 -1.9549
-10 -1.55137e-06 -1.9549
-9.99997 -1.42348e-06 -1.9549
-10.0001 -6.69377e-07 -1.95491
-10 -1.73895e-06 -1.95491
-10 -1.39241e-06 -1.95491
-9.99997 -2.94211e-06 -1.9549
-10.0001 -9.14716e-07 -1.95491
-9.99998 -2.0371e-06 -1.95491
-10 -2.3943e-06 -1.95491
-9.99996 -1.89291e-06 -1.95491
-10 -3.78585e-06 -1.95491
-9.99998 -2.47273e-06 -1.95491
-10 -2.29056e-06 -1.95491
-10 -3.58978e-06 -1.95491
-10 -2.39548e-06 -1.95491
-10 -2.84903e-06 -1.95492
-10.0001 -1.55439e-06 -1.95492
-10 -8.86275e-07 -1.95492
-10 -5.82898e-07 -1.95492
-10 -1.48257e-06 -1.95492
-10 -3.3506e-06 -1.95492
-10 -1.2755e-06 -1.95492
-10 -2.31643e-06 -1.95492
-10 -3.41321e-06 -1.95493
-10 -1.48153e-06 -1.95492
-10 -2.28507e-06 -1.95492
-10 -1.895e-06 -1.95493
-10 -2.01934e-06 -1.95493
-10.0001 -8.28749e-07 -1.95493
-10 -2.76756e-06 -1.95493
-10.0001 -3.17336e-06 -1.95493
-10 -3.15225e-06 -1.95493
-10.0001 -1.05255e-06 -1.95493
-9.99999 -2.71e-06 -1.95493
-10 -2.59261e-06 -1.95493
-10 -4.38368e-07 -1.95493
-10 -6.5302e-07 -1.95494
-10.0001 -2.28254e-06 -1.95494
-10 -6.39852e-07 -1.95494
-10 -8.60181e-07 -1.95494
-10 -1.53291e-06 -1.95494
-10 -1.44344e-06 -1.95494
-10.0001 -1.43567e-06 -1.95494
-10 -7.21351e-07 -1.95494
-10 -2.19883e-06 -1.95494
-10 -1.25427e-06 -1.95494
-10 -1.04125e-06 -1.95494
-10.0001 -1.60945e-06 -1.95495
-10 -4.40106e-07 -1.95494
-10 -5.94732e-07 -1.95495
-10 -3.19339e-07 -1.95495
-10.0001 -9.82441e-07 -1.95495
-10 -2.04415e-06 -1.95495
-10 -7.69234e-07 -1.95495
-10 -6.00541e-07 -1.95495
-10 -1.82121e-06 -1.95495
-10 -2.0467e-06 -1.95495
-10 3.24833e-07 -1.95495
-10.0001 -1.35506e-06 -1.95495
-10.0001 -9.76234e-07 -1.95496
-10 5.07825e-08 -1.95495
-10.0001 3.33311e-07 -1.95496
-9.99999 -1.16165e-06 -1.95496
-10 -3.66592e-08 -1.95496
-10 -4.44302e-07 -1.95496
-10 -5.31412e-07 -1.95496
-9.99999 -7.8228e-07 -1.95496
-10.0001 -2.53818e-07 -1.95496
-10 1.15421e-06 -1.95496
-10.0001 -1.57991e-06 -1.95497
-9.99999 -1.68062e-06 -1.95497
-10.0001 -8.96599e-09 -1.95497
-10 -2.04666e-06 -1.95497
-10.0001 -2.51657e-06 -1.95497
-10 -1.4028e-06 -1.95497
-9.99999 -1.34784e-06 -1.95497
-10 -2.64094e-06 -1.95497
-10 -1.42593e-06 -1.95497
-10 -5.50632e-07 -1.95498
-10 -1.05076e-06 -1.95497
-10 -8.93912e-07 -1.95497
-10 -5.49226e-06 -1.95498
-10 -8.83546e-07 -1.95498
-10 2.08763e-07 -1.95498
-10 -2.88e-06 -1.95498
-10 7.76958e-07 -1.95498
-10.0001 -1.32597e-06 -1.95498
-9.99999 -1.26214e-06 -1.95498
-10 -2.9e-06 -1.95498
-9.99998 -2.00431e-06 -1.95498
-9.99999 -2.56904e-06 -1.95498
-9.99998 -1.84812e-06 -1.95498
-10 -1.17108e-06 -1.95499
-10 -2.21475e-06 -1.95499
-10 -2.16082e-06 -1.95499
-10 -3.72816e-06 -1.95499
-10 -2.86553e-06 -1.95499
-10 -2.22158e-06 -1.95499
-10 -8.5651e-07 -1.95499
-10 -7.25623e-07 -1.95499
-10.0001 -6.10607e-07 -1.95499
-10 -2.63864e-06 -1.95499
-10 -3.61286e-06 -1.95499
-10 -2.35847e-06 -1.955
-10 -4.79601e-07 -1.955
-10 -1.58663e-06 -1.955
-10 -2.63571e-06 -1.955
-10 -1.94612e-06 -1.955
-10 -6.22506e-07 -1.955
-10 -3.10033e-06 -1.955
-10.0001 -3.45929e-06 -1.955
-10 -2.41311e-06 -1.955
-10 9.94541e-07 -1.955
-10.0001 -6.12619e-07 -1.955
-10 -2.20156e-06 -1.955
-10 -2.87329e-06 -1.95501
-10 -1.16304e-06 -1.95501
-10 -2.23435e-06 -1.95501
-10 -2.08376e-06 -1.95501
-10 -3.25334e-06 -1.95501
-10 -1.56501e-06 -1.95501
-9.99995 -3.95772e-06 -1.95501
-10 -2.79036e-06 -1.95501
-9.99998 -3.39191e-06 -1.95501
-10 -2.88163e-08 -1.95502
-9.99999 -6.23535e-07 -1.95501
-10 -2.63191e-07 -1.95501
-10 1.1533e-06 -1.95502
-10 5.74577e-07 -1.95502
-10 -2.26953e-06 -1.95502
-10 -1.61312e-08 -1.95502
-10.0001 -3.20916e-06 -1.95502
-10 -4.24363e-07 -1.95502
-10 -6.28129e-07 -1.95502
-10 -2.16364e-06 -1.95502
-9.99997 1.70945e-08 -1.95502
-10 -5.67656e-07 -1.95503
-10 -1.53495e-06 -1.95502
-10 -3.07617e-06 -1.95503
-9.99999 -9.98942e-07 -1.95502
-10 -2.38812e-06 -1.95503
-10 2.4573e-07 -1.95503
-9.99999 -8.30245e-07 -1.95502
-9.99997 -8.55587e-07 -1.95503
-10 -1.58236e-06 -1.95503
-10 -1.13017e-06 -1.95503
-9.99998 4.47276e-08 -1.95503
-10 -2.0981e-07 -1.95503
-10 -3.11361e-06 -1.95503
-9.99998 1.01809e-06 -1.95503
-10 -9.72735e-07 -1.95503
-9.99999 -1.78999e-06 -1.95503
-9.99999 -2.27146e-06 -1.95504
-9.99999 -1.43551e-06 -1.95504
-10 7.43167e-07 -1.95504
-10 -2.53951e-07 -1.95504
-10 -1.71478e-06 -1.95504
-10 -1.23998e-06 -1.95504
-10 3.19847e-07 -1.95504
-9.99999 -1.36656e-06 -1.95504
-10.0001 1.57161e-07 -1.95505
-9.99998 -2.69511e-06 -1.95504
-10 -3.43393e-06 -1.95504
-10 -2.69625e-06 -1.95504
-9.99993 -7.23715e-07 -1.95504
-10 -2.73036e-06 -1.95505
-10 -1.4171e-06 -1.95505
-10 -1.63859e-06 -1.95505
-10 -2.29222e-06 -1.95505
-9.99999 -2.06348e-06 -1.95505
-9.99999 1.31697e-06 -1.95505
-9.99997 -1.20761e-06 -1.95505
-9.99997 -2.10897e-06 -1.95505
-9.99996 -4.37382e-07 -1.95505
-9.99997 -1.70633e-06 -1.95505
-9.99998 1.21736e-07 -1.95505
-10 -2.34924e-06 -1.95505
-9.99994 -1.29261e-06 -1.95505
-10 -1.21759e-06 -1.95505
-9.99993 -1.20484e-06 -1.95505
-10 -3.11154e-06 -1.95506
-9.99994 -3.69508e-06 -1.95506
-10 -3.32739e-06 -1.95506
-10 -6.69782e-07 -1.95506
-10 -1.79477e-06 -1.95506
-9.99999 -2.17329e-06 -1.95506
-9.99999 -9.91491e-07 -1.95506
-10 -1.17623e-06 -1.95506
-9.99999 -3.88257e-07 -1.95506
-10 -5.68144e-07 -1.95507
-9.99999 -1.29654e-06 -1.95506
-9.99998 -4.82671e-07 -1.95507
-10 -1.59231e-06 -1.95507
-10 -8.75162e-07 -1.95507
-9.99996 -1.97704e-06 -1.95507
-10 -8.39447e-07 -1.95507
-9.99998 5.53062e-07 -1.95507
-10 -1.34172e-06 -1.95507
-10 -9.19837e-07 -1.95507
-9.99998 -1.08455e-06 -1.95507
-10 -9.33502e-07 -1.95507
-10 1.81541e-06 -1.95507
-10 -4.31226e-07 -1.95507
-9.99998 7.32442e-07 -1.95507
-9.99999 -1.28806e-06 -1.95507
-10 -2.21266e-06 -1.95507
-10 -1.73784e-06 -1.95508
-9.99997 -1.10718e-06 -1.95508
-10 1.53167e-06 -1.95508
-9.99996 -1.11786e-06 -1.95508
-10.0001 1.41578e-07 -1.95508
-9.99999 -5.13209e-07 -1.95508
-10 -6.04849e-07 -1.95508
-9.99998 1.20812e-07 -1.95508
-10 5.60966e-07 -1.95508
-10 -3.3247e-08 -1.95508
-9.99999 7.04967e-07 -1.95508
-10.0001 -1.81402e-06 -1.95508
-10 -2.19722e-06 -1.95508
-10 -2.32027e-06 -1.95509
-9.99997 -8.11081e-07 -1.95508
-10 -1.25907e-06 -1.95509
-10 -2.2301e-07 -1.95509
-10 -2.33344e-06 -1.95509
-10 -2.19058e-06 -1.95509
-10 -1.58955e-06 -1.95509
-10 -1.55701e-06 -1.95509
-10 -1.98473e-06 -1.95509
-10 -2.98613e-06 -1.95509
-10 -1.15713e-06 -1.95509
-9.99994 -1.37326e-06 -1.95509
-10 6.29924e-07 -1.95509
-10 -1.86034e-06 -1.9551
-9.99997 -2.76924e-06 -1.95509
-10.0001 -1.70044e-06 -1.9551
-10 -7.37907e-07 -1.9551
-10.0001 -1.13372e-06 -1.9551
-10.0001 -1.29895e-06 -1.9551
-10 -1.53323e-06 -1.9551
-10.0001 -1.34607e-06 -1.9551
-10 -1.09844e-06 -1.9551
-10.0001 -1.99773e-07 -1.9551
-9.99996 -1.9358e-06 -1.9551
-10.0001 -7.29685e-07 -1.9551
-9.99999 -9.64759e-07 -1.9551
-10 -1.27143e-06 -1.9551
-10 -1.85844e-06 -1.9551
-10 3.72596e-07 -1.95511
-9.99999 -1.42853e-06 -1.95511
-10 -1.07417e-06 -1.95511
-10 -1.76237e-06 -1.95511
-10 -3.5249e-08 -1.95511
-10.0001 -3.57532e-07 -1.95511
-10 -1.45244e-06 -1.95511
-10 -2.45867e-06 -1.95511
-10 6.01465e-08 -1.95511
-10 -2.54951e-06 -1.95511
-10 1.20708e-06 -1.95511
-10.0001 -1.35112e-06 -1.95512
-10 2.08001e-06 -1.95511
-10 -1.79316e-06 -1.95511
-10.0001 -1.16574e-06 -1.95512
-10 -7.36901e-07 -1.95512
-10.0001 -3.43509e-07 -1.95512
-10.0001 -1.09393e-06 -1.95512
-10 -1.6294e-06 -1.95512
-10.0001 -2.97515e-06 -1.95512
-10 -1.96722e-06 -1.95512
-10.0001 -2.49081e-06 -1.95512
-10.0001 -1.92173e-06 -1.95512
-10 -3.8091e-06 -1.95512
-10 -2.24435e-06 -1.95512
-10 -1.88665e-06 -1.95512
-10.0001 -1.31364e-06 -1.95513
-10 -4.40007e-06 -1.95513
-10 -2.28005e-06 -1.95513
-10 -1.08074e-06 -1.95513
-10 -1.9013e-06 -1.95513
-10 -2.71797e-06 -1.95513
-9.99998 -8.69012e-07 -1.95513
-10 -1.09246e-06 -1.95513
-10.0001 -1.43075e-06 -1.95513
-10 -1.46461e-06 -1.95513
-10 -2.56277e-06 -1.95513
-10 -6.83674e-07 -1.95513
-10 -1.46311e-06 -1.95513
-10 -8.41156e-07 -1.95513
-10 -1.35434e-06 -1.95514
-9.99997 -5.9622e-07 -1.95514
-10 -1.45202e-06 -1.95514
-9.99997 -2.60856e-07 -1.95514
-10 -2.65749e-07 -1.95514
-10 4.25305e-07 -1.95514
-10 2.2576e-07 -1.95514
-10 -1.17117e-06 -1.95514
-10 -1.0731e-06 -1.95514
-9.99999 -1.18524e-07 -1.95514
-9.99997 -1.88033e-06 -1.95514
-10.0001 -1.45666e-07 -1.95515
-9.99994 -1.51613e-06 -1.95515
-10.0001 -1.1033e-06 -1.95515
-9.99999 6.45333e-07 -1.95514
-10 -4.37061e-07 -1.95515
-9.99999 -1.33662e-07 -1.95515
-10 -2.24708e-06 -1.95515
-10 7.91665e-07 -1.95515
-10.0001 -5.05826e-07 -1.95515
-10.0001 -2.05208e-06 -1.95515
-9.99997 -6.53909e-07 -1.95515
-10.0001 1.89326e-07 -1.95515
-9.99999 -1.80369e-06 -1.95515
-10 -2.65401e-07 -1.95516
-10 -2.03493e-07 -1.95516
-9.99998 6.00301e-07 -1.95516
-10 -9.55728e-07 -1.95516
-10 -1.06835e-06 -1.95516
-9.99999 -1.23978e-06 -1.95516
-10 3.73015e-07 -1.95516
-9.99998 -7.74621e-07 -1.95516
-10 4.15177e-07 -1.95516
-10 -9.05088e-07 -1.95516
-9.99998 -9.31002e-07 -1.95516
-10 -2.19943e-06 -1.95516
-9.99999 -4.81167e-07 -1.95516
-10 -4.25363e-07 -1.95516
-9.99997 -7.6266e-07 -1.95516
-10 -2.94855e-07 -1.95517
-9.99994 -1.31644e-06 -1.95517
-10 -2.35395e-06 -1.95517
-10 -1.39556e-06 -1.95517
-10 -1.50193e-06 -1.95517
-9.99999 -5.87569e-07 -1.95517
-10 -2.41295e-06 -1.95517
-10 -5.40935e-07 -1.95517
-9.99999 -1.96789e-06 -1.95517
-10 -4.10074e-06 -1.95517
-10 -3.27518e-06 -1.95517
-10 -2.71736e-06 -1.95517
-10 -2.18177e-06 -1.95517
-9.99996 -2.60779e-06 -1.95517
-10 -1.96107e-07 -1.95518
-9.99998 -2.26042e-06 -1.95518
-10 -1.39813e-06 -1.95518
-10 9.47975e-08 -1.95518
-10 7.5586e-07 -1.95518
-9.99996 -1.9969e-06 -1.95518
-10 -1.94938e-06 -1.95518
-10 6.96229e-07 -1.95518
-10 -9.28869e-07 -1.95518
-9.99997 -9.12817e-07 -1.95518
-10 -7.41412e-07 -1.95518
-9.99999 -2.55825e-08 -1.95518
-10.0001 -6.58674e-07 -1.95519
-9.99998 -4.47674e-07 -1.95518
-10 -1.12764e-06 -1.95519
-10 -1.285e-06 -1.95519
-10 -9.25249e-07 -1.95519
-10 -1.0987e-06 -1.95519
-10 2.90331e-07 -1.95519
-10 4.65979e-07 -1.95519
-10 8.65187e-07 -1.95519
-10 -1.60625e-07 -1.95519
-9.99998 4.5432e-07 -1.95519
-10 -7.45591e-07 -1.95519
-9.99996 -4.87108e-07 -1.95519
-9.99998 -7.99491e-07 -1.95519
-9.99997 -2.05312e-06 -1.95519
-9.99997 4.89723e-07 -1.95519
-9.99999 -5.36411e-07 -1.95519
-10 -1.24472e-06 -1.9552
-10 -1.19959e-08 -1.9552
-9.99999 9.65982e-07 -1.95519
-10 8.58482e-07 -1.9552
-10 -5.7734e-07 -1.9552
-10 -7.89321e-07 -1.9552
-9.99999 -8.43388e-07 -1.9552
-10 -3.20572e-06 -1.9552
-10 -1.9548e-06 -1.9552
-10 -7.05835e-07 -1.9552
-10 7.79044e-07 -1.9552
-10 -1.45821e-06 -1.9552
-10 -1.20507e-06 -1.9552
-10 -1.38404e-06 -1.9552
-10 -1.46409e-06 -1.95521
-9.99999 -2.05632e-06 -1.9552
-10 3.93159e-07 -1.95521
-10 -1.31268e-06 -1.95521
-9.99998 -1.24259e-06 -1.95521
-10 -1.33091e-06 -1.95521
-9.99999 -2.55283e-06 -1.95521
-10 -1.1537e-06 -1.95521
-10 -7.83955e-08 -1.95521
-9.99999 -2.02722e-06 -1.95521
-10 -7.78854e-07 -1.95521
-10 -8.98562e-07 -1.95521
-10 -9.63199e-07 -1.95521
-10 -1.63957e-06 -1.95521
-10 1.21949e-06 -1.95521
-10 -3.21086e-06 -1.95521
-10 -1.30794e-06 -1.95521
-9.99999 -2.42114e-06 -1.95521
-10 -5.53354e-08 -1.95522
-10 -2.15859e-06 -1.95522
-10.0001 -2.26296e-06 -1.95522
-10 -9.38272e-07 -1.95522
-10 -2.85017e-06 -1.95522
-10.0001 -9.63613e-09 -1.95522
-10 -1.50834e-06 -1.95522
-10 -1.15454e-06 -1.95522
-9.99999 -1.82458e-06 -1.95522
-10.0001 -1.61988e-06 -1.95522
-9.99997 -1.17543e-06 -1.95522
-10.0001 -1.55691e-06 -1.95523
-10 -2.65133e-06 -1.95522
-10.0001 -9.33881e-07 -1.95522
-9.99999 -8.06239e-07 -1.95522
-10.0001 -4.36059e-07 -1.95522
-10 5.29277e-08 -1.95522
-10 -2.62285e-06 -1.95523
-10.0001 -1.00387e-06 -1.95523
-10 -3.66097e-07 -1.95523
-10 -1.17251e-06 -1.95523
-9.99999 1.22736e-06 -1.95522
-10 -1.07824e-06 -1.95523
-9.99997 -1.13778e-06 -1.95523
-10 -1.80889e-06 -1.95523
-10 -8.29775e-08 -1.95523
-10 3.61672e-07 -1.95523
-10.0001 2.65329e-07 -1.95523
-10 -1.52417e-06 -1.95523
-9.99999 -1.1962e-06 -1.95523
-10.0001 -1.32405e-06 -1.95523
-10 6.38038e-07 -1.95523
-10 -1.00994e-06 -1.95524
-10 -5.30971e-07 -1.95523
-9.99999 4.53273e-07 -1.95524
-10 -1.28984e-06 -1.95524
-10.0001 -6.9327e-07 -1.95524
-10 -8.49643e-07 -1.95524
-10 8.97669e-07 -1.95524
-10 2.26039e-07 -1.95524
-10.0001 -2.46875e-06 -1.95524
-9.99995 -4.00575e-07 -1.95524
-10 -1.43137e-06 -1.95524
-9.99999 -9.05317e-08 -1.95524
-10 -2.51679e-06 -1.95524
-10.0001 -8.9616e-07 -1.95524
-10 -2.70009e-07 -1.95525
-10 -4.52309e-07 -1.95524
-10 -1.94725e-06 -1.95524
-10 -8.02842e-07 -1.95524
-10 -7.22329e-07 -1.95525
-10 -3.24831e-07 -1.95525
-10 -2.21067e-07 -1.95525
-10 -3.17047e-06 -1.95525
-10 -6.24119e-07 -1.95525
-10 -4.10858e-07 -1.95525
-10 -1.98589e-06 -1.95525
-10 -2.16088e-06 -1.95525
-9.99999 -1.98577e-06 -1.95525
-10 -8.21273e-08 -1.95525
-10 -8.27254e-07 -1.95525
-10 -1.79657e-06 -1.95525
-10 -1.00013e-06 -1.95525
-10 -1.47014e-06 -1.95525
-10 -1.67066e-06 -1.95526
-10 -2.09654e-06 -1.95525
-9.99996 2.79864e-07 -1.95526
-10.0001 -7.37631e-07 -1.95526
-9.99998 -1.99653e-06 -1.95526
-10.0001 -1.83174e-06 -1.95526
-9.99999 -8.03977e-07 -1.95526
-10 -1.22014e-06 -1.95526
-10 -1.36994e-06 -1.95526
-10 -1.86535e-06 -1.95526
-10 -1.66851e-06 -1.95526
-10 -5.49723e-07 -1.95526
-10 -5.24041e-08 -1.95526
-10 7.36256e-07 -1.95526
-10 -3.94843e-07 -1.95526
-10 -1.47385e-06 -1.95526
-9.99999 -9.00441e-07 -1.95526
-10 -1.02816e-06 -1.95527
-10 -2.49102e-06 -1.95527
-10 5.08899e-07 -1.95527
-10 -1.76959e-06 -1.95527
-10 -5.20314e-07 -1.95527
-10 -2.59716e-06 -1.95527
-10 -1.08659e-07 -1.95527
-10 -2.84849e-06 -1.95527
-10 -7.25764e-07 -1.95527
-10 -2.81197e-07 -1.95527
-10 -1.38281e-06 -1.95527
-9.99998 -1.14262e-06 -1.95527
-9.99997 -2.13253e-06 -1.95527
-9.99995 -6.31756e-07 -1.95527
-10 -9.18716e-07 -1.95527
-9.99996 -2.66328e-06 -1.95527
-10 -1.25027e-06 -1.95528
-9.99997 -8.83491e-07 -1.95528
-10 -1.08725e-06 -1.95528
-9.99998 3.37274e-07 -1.95528
-10 1.58619e-08 -1.95528
-10 -5.44567e-07 -1.95528
-10 -6.7508e-07 -1.95528
-9.99999 -1.12712e-06 -1.95528
-10 -2.18676e-06 -1.95528
-9.99999 -3.87959e-07 -1.95528
-9.99999 -2.02146e-06 -1.95528
-9.99996 -2.74697e-07 -1.95528
-10 -5.7163e-07 -1.95529
-9.99996 -9.01943e-07 -1.95528
-9.99998 1.00409e-06 -1.95529
-10 1.46026e-06 -1.95529
-10.0001 -1.66807e-06 -1.95529
-9.99997 5.42141e-08 -1.95529
-10 3.09195e-07 -1.95529
-10 -3.31624e-08 -1.95529
-10 -1.74713e-07 -1.95529
-9.99997 9.79537e-07 -1.95529
-9.99998 -1.53747e-06 -1.95529
-9.99999 -1.25814e-06 -1.95529
-10 9.85122e-08 -1.9553
-9.99995 -7.56953e-07 -1.95529
-9.99999 -1.56232e-06 -1.95529
-9.99998 -1.39542e-06 -1.9553
-10 8.93735e-07 -1.9553
-10 -5.64334e-07 -1.95529
-9.99997 -8.02495e-07 -1.9553
-10.0001 -7.05413e-07 -1.9553
-9.99999 -1.80843e-06 -1.9553
-9.99998 -7.89459e-07 -1.9553
-10 -2.50064e-06 -1.9553
-10 -4.30092e-07 -1.9553
-9.99998 -1.64785e-06 -1.9553
-9.99999 -1.73395e-06 -1.9553
-9.99999 -2.48754e-06 -1.9553
-9.99998 -1.58386e-06 -1.9553
-10 -1.0783e-06 -1.9553
-9.99996 -2.90655e-06 -1.9553
-10 4.02717e-08 -1.95531
-9.99999 -1.84835e-06 -1.9553
-10 -3.25639e-07 -1.95531
-9.99998 -6.93962e-07 -1.95531
-10 -1.68588e-06 -1.95531
-10 -6.81709e-07 -1.95531
-10 -2.4657e-06 -1.95531
-10 1.26286e-06 -1.95531
-9.99999 -7.9653e-07 -1.95531
-10 -2.76005e-07 -1.95531
-10 -2.30454e-06 -1.95531
-9.99998 -8.17029e-07 -1.95531
-10 -1.25432e-06 -1.95531
-10 -2.23497e-06 -1.95531
-9.99998 -2.61111e-06 -1.95531
-10 -1.07983e-06 -1.95532
-10 -3.29442e-06 -1.95531
-9.99998 -1.96958e-06 -1.95532
-10.0001 -8.95881e-07 -1.95532
-9.99998 -1.30208e-06 -1.95532
-10 -1.84496e-06 -1.95532
-9.99998 -2.19048e-06 -1.95532
-9.99998 -1.17969e-06 -1.95532
-10 -1.80693e-06 -1.95532
-9.99998 -1.57925e-06 -1.95532
-10.0001 -8.797e-07 -1.95532
-10 -1.76072e-06 -1.95532
-10 -3.24851e-06 -1.95532
-10 -2.4792e-06 -1.95532
-10 -2.23083e-06 -1.95533
